29280
14635
27879
31367
21402
3386
9929124
12309
4287
15772
9575
21009
21092
26406
11685
14853
27323
14027
22769
15533
23389
26711
29241
15952
26694
7521
3083
24912
23585
8314
1788
769
25031
26795
22346
31415
5890
28959
19904
20259
15510
14620
26586
21983
10114
56
27434
28999
22403
4809
20474
24715
22234
15005
16179
22018
18255
10219
10110
18369
16502
26250
11688
11885
25393
13153
31819
9805
18038
17951
13995
9891
8530
25388
4830
17213
22062
18911
24368
11335
17234
21233
30405
24675
31911
21297
27008
17660
21185
5754
23332
6358
19228
1762
23993
29930
28070
21557
19250
20338
2942
12194
25164
13632
25340
28595
10937
11603
9917649
12419
25726
31404
7984
17451
1690
12382
4173
1917
4328
19429
26788
28405
13638
18872
15517
24556
7159
26658
27695
10767
18246
3149
17315
13584
23148
32160
6555
13979
18356
27466
3666
1164
10717
28703
20517
22367
19648
2212
2387
4327
10547
12133
23297
23363
22572
5007
2433
13327
16682
7610
15827
14295
2000
14087
108
16849
31955
1643
20791
13259
5655
6218
218
31330
12821
9288
12090
8565
10880
25948
4929
3289
31272
14374
28639
10574
31262
29570
23118
10674
31257
12125
13723
9333
14360
28103
1890
9549
31561
23114
2521
1835
22058
4986
7951
10861
21486
13006
992422
23381
5410
1710
3488
31930
8080
13005
24902
19197
25956
10937
2958
19263
18317
15025
6797
15057
5990
4790
21003
4844
23446
2020
14215
29859
23605
3
8059
4373
14896
15194
8162
25063
5614
28867
3062
17906
2355
28677
23870
22072
30789
15965
11720
1821
32334
24926
10164
27092
30978
19452
3570
8727
30593
8675
16971
25627
4223
17677
27814
3779
25506
24979
10116
13844
18987
27587
21966
12777
31449
17524
1488
1255
9482
30614
1413
12212
18212
18701
3093
17508
17459
960
7324
20020
31956
16108
1581
24955
28497
3519
9495
26589
8973
19746
18790
31938
25379
982
26285
28166
3146
2242
28931
13555
29180
25483
2892
31596
7895
7014
27322
362
29763
26666
5011
30381
27989
31146
21300
7339
2291
18753
6998
17613
7993
10670
8848
32474
9756
2338
28189
2995
10573
6552
10464
26690
31072
21349
27557
1197
22062
1552
9923210
31695
6264
27491
15454
24296
7885
28866
28008
27027
429
10940
21995
12793
21230
9952
17416
10565
27743
4050
20389
88
4524
22430
11117
17597
27009
23627
1816
18911
4594
15028
26349
12921
21531
17299
5253
11855
15107
18143
3281
16412
4551
10584
3935
8139
3316
30816
13016
3305
9012
28684
8910
9563
22829
10107
27316
5196
1190
22374
29230
11626
19179
28409
3724
18514
24179
27361
19856
28744
16321
8871
23928
15404
1416
60
13880
25257
28690
21973
26632
24240
19426
17912
13086
14373
26521
29143
19645
17624
8470
25054
30062
30134
19937
23688
17550
1089
714
8054
19720
5181
32461
11970
32612
7596
15673
11921
27905
13053
29458
31463
20638
9930593
31667
29120
31
23070
30903
9052
11150
26695
10522
23770
3425
19755
15260
16648
28667
20781
8294
25466
11381
28053
7664
6617
1693
18565
11554
30590
2623
11566
24762
10047
19876
21571
23533
6025
15705
4270
7249
11440
21809
13443
6906
28034
27277
16946
2275
24098
27611
15872
10896
32020
14685
13240
5874
5780
31532
17565
23947
25132
6268
20900
22483
7813
13345
5600
10713
8062
21075
17726
13869
635
2990
882
2302
31999
29052
18225
32384
31102
1847
32161
10384
30316
30026
526
14235
23450
22808
15838
27324
14786
22079
1223
19236
10337
19742
319
14015
13764
23189
17716
32277
7526
1291
21246
6510
14457
15030
12946
14649
23747
1302
26360
13742
7595
5571
22527
8627
9108
4201
1071
1276
3433
13841
3839
375
4217
21922
32584
26599
19078
9639
16890
32718
31256
27474
17678
1681
4375
4801
16059
10711
21913
7297
29933
306
1273
1105
6387
19201
11561
1320
2935
28821
12361
24185
7348
5522
9848
32437
7395
13976
4586
14098
20726
6947
6458
23691
8073
7856
15362
31271
2582
5410
13738
30847
18024
20067
637
24186
3154
32078
15106
3932
27552
1485
14729
10751
15950
30270
15876
27999
2808
12316
1048
18013
27538
987
32628
27324
19545
17427
12898
9584
5897
5089
21147
14360
7761
29835
12384
30153
23940
22114
5062
31501
24721
12525
1106
10027
26677
26179
11973
15017
7791
30137
23865
16144
28469
16829
13677
7151
22885
27906
12638
32034
19454
4830
1559
28244
25488
24304
27849
20419
7153
18437
542
2115
18994
29244
12235
6278
29393
31849
21605
29594
20528
15544
7541
16563
7494
12435
18382
27179
30869
9157
14878
7623
29532
21215
11716
8764
8461
3290
23009
9714
15105
6143
21682
27399
11371
24068
7965
29847
6795
9080
3721
6459
15652
20065
2291
7887
6959
35
18238
17273
32721
1699
4555
22502
15243
26797
11082
20183
1457
4499
24016
26077
4637
24599
24105
19296
12068
7307
31087
26086
32713
6711
16603
8338
9777
2043
10204
24811
29271
13366
18534
2528
26881
18406
16781
12296
14067
15632
25682
25390
25698
5218
8893
12556
23723
3607
29996
17751
7749
27163
10730
19196
9972
29551
21251
29354
28736
23248
18007
17040
4134
9363
25582
4968
21005
11732
5771
24244
23548
3279
17028
16967
13321
20622
5840
23816
14869
25541
29794
26867
27062
5882
24501
13920
30837
5608
12457
27784
9274
19494
29837
13125
17924
32004
13949
10777
31965
4790
8686
20594
1294
26804
13191
17196
3983
5472
27699
29528
11713
30441
14964
14908
9567
1904
3578
28314
16562
15466
18804
24374
28421
30022
1702
22162
18777
15695
24763
3068
20314
25811
14557
9674
28817
13701
10500
12517
13786
17952
6411
12676
7961
12621
10761
12602
2345
13255
27614
28211
12309
30141
4364
4027
8587
888
5321
1023
13197
14653
1874
27416
21354
9845
29825
13125
16621
11275
6306
19064
2516
23062
22403
2325
22915
20664
10698
14838
28922
10309
29835
25522
23301
9384
32538
14111
12466
14339
31518
18197
520
6294
21223
28021
14070
28130
12802
362
31882
22798
31754
17135
4708
23689
9664
8082
3177
26353
9310
13431
23740
1332
26409
12703
14826
32757
3910
618
13668
26673
22990
24411
5683
22306
28709
11548
19431
25955
4743
19650
3536
7510
20707
16721
31345
27843
17901
20099
19250
22977
2159
29893
28757
32474
18143
28291
10539
4714
16695
4773
27784
32072
5377
16474
13684
17576
4017
14356
2083
19264
31544
1492
17192
11690
6358
24743
4325
15882
15920
9072
3398
25328
18594
17129
29615
23936
23254
25829
26930
15056
6294
31960
14086
29841
21726
4504
2356
1266
26166
4197
1428
29121
5438
20776
20216
4819
22923
12280
18599
6055
22705
24546
11789
4166
23457
23274
21168
32109
11830
4941
7782
11246
7434
18953
6598
24404
1422
11935
7900
4038
11354
11288
545
16174
19905
1862
18345
10650
7337
12876
14495
21730
9113
31073
27887
17291
15380
27856
7490
20203
4134
11331
20783
27790
23100
30530
15791
25305
22329
9975
26578
12525
7877
30004
24497
11726
21992
13495
10148
8901
28633
24236
7093
25858
28944
6515
27988
12934
26786
7332
1868
22080
5070
5712
28149
22390
24531
30090
28587
14439
15877
15910
14720
2095
32288
18881
9262
19434
8924
6658
19792
796
25794
8222
20689
19281
22333
7586
13988
26368
25588
621
26805
11189
4183
27643
17696
7023
16760
10730
8354
11591
29213
27574
19788
2387
3859
31688
31103
15306
28101
11183
31508
9065
4365
21933
23259
7957
12361
6005
13383
16065
13490
10803
15719
31634
8425
31693
2840
15169
5843
28008
25978
8898
28583
23343
16544
31779
6725
20815
11660
13238
13258
4678
22362
12402
3681
21086
24763
2967
6748
19572
13733
27537
25987
5118
9545
1567
9387
18509
22598
3508
31627
3343
30492
3614
30412
27671
5347
31845
27743
1121
12861
32246
13843
10832
27785
11008
31335
23867
11609
20511
30620
13864
28198
29496
1295
13271
25667
8100
16070
2051
10512
15760
3913
18916
12912
30883
2995
12792
12157
31202
22024
17155
7546
30929
31177
1109
10504
26587
30406
12619
12189
16372
28212
536
30003
12157
9727
29125
25149
12392
22114
9591
24031
18844
30132
22769
6238
32667
30341
29785
22998
14434
11241
12095
10539
5777
18452
25819
24385
4043
10535
32150
31344
16992
26698
4557
17970
20009
24315
10705
11039
13492
5797
16178
15132
1185
22133
25405
19919
21580
17257
11971
16726
20397
18090
24348
13112
23932
11803
17516
17819
8088
15154
25893
17592
21161
5127
31437
16525
20740
19114
11266
28369
15568
28346
10171
26925
5479
23859
1488
7081
15359
17032
4285
30565
11146
754
23715
15753
26587
32007
20367
30334
26633
23182
32511
26975
24
25490
1698
10154
3542
1973
15456
316
27908
4551
26010
29820
30390
14743
20915
28374
4093
2057
32207
29035
3010
16745
9690
28166
25589
18943
26317
28754
3560
14564
22060
26443
28149
3348
13011
8947
11879
14531
4851
23110
32152
30453
13144
19823
30550
8009
19437
22588
15755
27669
3457
2256
1053
26296
11467
3736
5140
28204
7852
5504
2555
3035
27061
24934
21384
2740
12521
15822
12415
1149
23492
5592
15059
22891
32636
18544
14862
17904
28038
3269
17908
2772
2908
31484
31843
23431
22398
3365
20094
1718
16310
11374
10507
3356
11425
7830
31768
6811
26219
26533
26085
5515
14042
29659
1278
14418
27790
7654
13736
26932
9095
25944
15998
17517
30439
26967
12380
3197
32761
31638
32124
29892
18035
24453
3039
31310
1528
2501
18159
16112
27873
29663
29794
6804
14397
22581
20577
22225
20758
27193
13546
18623
20215
24284
20595
15625
938
22858
12240
27203
29766
4052
8022
23934
25450
15661
10049
5402
20675
12762
10067
15836
4564
6628
21950
17984
26614
19152
9540
15377
14237
11728
22173
10294
17630
6715
14617
23759
6446
13371
24198
27009
30317
9158
18004
10765
31523
14287
17399
9000
23561
18877
9357
8583
22219
29980
22465
20281
16908
30610
8175
13113
24234
19733
3465
20292
20036
23644
18873
20456
21242
18323
29767
734
15476
13651
6334
1945
9766
9681
32458
28191
27346
10326
23013
14360
29006
1263
7218
28708
13959
11877
28841
19314
14534
4207
8309
2447
10290
3623
26522
1659
151
17595
31963
13058
28773
26213
20699
26441
12540
16797
18562
17320
13350
18573
30370
5047
19173
11461
6363
26540
10608
25392
23484
22500
27768
9286
10794
9919
943
15492
3078
13489
9611
16665
22538
31382
12359
31971
15604
32326
7212
10649
26087
30058
25358
18762
15886
2702
281
13318
6018
30839
29390
11739
14702
28598
21576
6403
6513
31357
1476
6235
17475
21170
31072
13847
14748
24130
3619
25268
16209
17848
7230
24623
28608
22798
5777
28021
1903
14018
25969
17946
13808
26925
24233
19021
30216
28177
32446
25356
12560
23665
18296
30356
12698
7333
26525
284
10584
26285
4096
9666
20026
31430
6586
19398
21207
18491
25016
7158
15886
30334
32118
29289
26093
1143
11529
6256
4561
29212
11875
23242
1999
10306
21971
20503
2387
4786
4043
25487
775
8320
12262
30708
29687
7832
12585
14021
20466
8346
19338
24501
24883
27624
686
11356
27969
6397
4599
7211
8467
24320
22974
15525
2168
15768
12765
16844
5302
30979
17777
730
30321
7266
23518
12082
20175
30295
13075
20374
31706
17362
20239
26522
1062
32040
25251
19289
26035
31078
13690
32102
19476
23524
11096
10502
29137
29
20639
3228
12555
22461
4119
26724
1886
28412
30190
17764
4364
2859
9214
10400
16215
6028
23375
1678
20014
21607
16093
2761
15628
31834
13211
2057
20254
21489
439
9299
22180
22391
6944
5485
20377
31499
11078
405
3478
12534
21537
22642
244
10811
15476
14411
22321
1392
21331
13175
31380
24525
27875
2581
13588
31875
7265
11261
31351
30286
28517
5878
7607
12110
28264
25897
30121
29459
1668
8149
13536
32503
16508
10821
30928
25776
26876
22783
21551
31525
3618
2367
22689
20865
30268
19619
25491
22662
29652
32040
12903
13861
15082
19797
466
30539
7040
10422
15491
5117
17756
30860
32006
31143
30985
8387
26343
4017
18975
18724
6938
27220
22212
18124
19354
8108
6259
14813
12881
29454
12796
13171
28472
19099
24268
30682
4543
8981
26479
12542
20847
30194
16211
9506
14798
17839
12239
17877
19843
17511
13411
11042
25786
18596
27714
20232
19146
1141
17677
7466
24341
12993
17122
10950
15664
11994
2453
10987
12357
10837
2877
29415
30133
29978
32755
8959
4865
2999
2774
18276
17130
24570
12371
1378
15831
4030
419
10457
24952
32261
8596
9713
31657
583
1677
25354
15513
8714
7628
24306
5163
2227
13299
1883
32412
12700
18115
21388
1127
30822
9255
30550
29029
913
31348
16970
1849
15689
15855
32553
12011
20099
1936
26524
28115
20553
20741
37
8633
10066
12794
28758
18490
15830
664
11073
21869
4000
1867
31791
24007
15461
2505
19349
5948
5204
848
12355
30119
21230
15406
8415
26220
31768
1159
22930
28508
3951
27219
18945
13529
1499
4262
8063
11066
19815
3124
16256
30577
14160
26900
18001
17130
3163
15812
24071
1719
15212
28526
438
4587
22101
2921
227
20291
20716
23043
22331
3596
13920
3710
11397
21056
18637
14424
4309
28659
16141
22992
18690
30189
5330
18341
16219
11161
8433
13857
27798
9758
26113
5974
19721
14539
20773
11944
13853
17592
23334
32139
8191
11178
16325
28046
14232
27192
16207
23449
19648
7468
7793
26738
28846
30252
22606
12934
22707
25498
14031
23783
22825
28600
17722
1937
3238
6928
20743
7409
31605
13843
27887
6312
22342
32256
10821
11148
7972
263
31881
24815
16296
3503
31547
10533
876
12661
30189
27968
26563
2741
3740
4126
10663
29134
20032
166
7923
15746
26530
16718
12243
9883
7278
2272
1144
3796
30857
24703
15120
12022
22436
25317
14837
28738
26898
238
29220
29967
9686
28506
9714
5300
27905
8654
2042
20136
14907
30493
18010
30952
10911
31430
22047
11673
17356
24510
4861
15343
12600
6255
1860
8269
27592
12288
28687
18350
32670
18647
20926
8771
25651
25692
12455
18781
6821
22528
16905
15502
1618
4991
10561
31243
13221
7265
5441
30293
304
25287
21053
14105
24315
21348
9127
5460
6172
19146
31326
27322
23176
19943
23331
11865
28969
11215
2380
17530
25649
27836
18876
1480
29613
12882
21010
16820
8285
27944
14369
16407
14019
2949
30113
1561
4218
1383
21539
25171
32713
27082
21835
1072
6520
20774
27449
8857
20706
22842
5448
30161
6732
3592
13563
2205
1909
25633
12084
9385
4718
10274
11687
24103
2732
1919
5263
697
22620
5759
159
28561
2550
30600
24892
4822
24597
1949
745
7242
19334
13349
7683
8491
4511
24046
15790
14167
2770
28017
4879
19379
12162
31832
2236
14284
26388
14397
10864
23231
19786
25269
13572
14679
25036
4749
25242
26998
22024
6739
18204
19638
27964
14360
20709
24143
8913
29301
16829
6204
2795
18124
13323
13209
8510
3280
70
18512
31267
13128
5805
4084
2539
14864
8504
20461
30323
3424
462
11990
9976
9808
184
31011
1581
5276
16214
6407
10891
21925
17168
17813
22761
7353
11408
11557
5452
28820
28462
7929
13824
16935
7340
30752
11496
24728
6436
22427
31506
28297
19262
23999
654
15517
7334
31450
10881
11576
24254
4377
2421
1415
26512
28073
2547
20417
31494
23837
15700
12972
21597
24336
20692
25186
25559
15627
22760
3669
5296
2217
26322
28817
12116
17656
7282
25153
11215
16163
12895
6517
2181
23118
9270
29730
31011
21186
30514
29802
469
15434
20221
21022
21178
16348
17606
17794
30613
23676
13460
28496
12229
12126
29914
511
631
1867
11339
4164
25370
18245
14831
9434
31251
23662
25463
1919
26034
19238
15822
21311
1893
6004
1008
16884
12588
3239
20479
20750
18253
10301
27284
9104
10825
11267
9299
17755
32014
7038
28098
13231
7022
10378
8539
20207
21712
21313
13279
6564
16166
16670
16110
26821
13855
3938
6613
26934
23197
9399
29863
7822
9833
17940
10639
16157
26662
29408
14436
4398
15235
19546
8318
11657
20917
3128
3272
19260
7717
20110
1559
30875
15205
13042
8122
25990
7273
6366
21075
8938
24052
31574
30949
31626
19536
12234
9261
18944
28994
3133
14390
28670
15933
14503
2088
21210
9942
12184
25696
330
16248
12831
20166
26220
13401
13034
18779
11785
11436
31918
29458
15898
28185
6090
26337
27019
21610
13095
4375
16448
29063
5218
28400
8278
27044
21293
27751
27819
24505
25586
21579
3232
1586
13754
1685
6429
10216
26446
26873
23254
15697
22427
17851
32205
25075
5467
3268
7704
15903
29170
10997
4581
14555
15254
27579
5307
1568
25267
6372
14339
25926
3726
19633
15558
9148
25896
10796
15032
14332
2661
28603
14454
2238
6765
6134
6412
13420
9043
31926
698
27863
25077
12398
8952
15144
17955
447
29623
16409
515
23878
26090
17509
10419
441
5445
11644
8241
14898
26948
10876
27256
4810
18288
11613
2540
15210
15070
1131
1272
3294
13560
10234
19702
25643
19327
4181
3151
18467
6097
10231
8163
3382
7016
11774
16299
27531
19876
7388
6812
15184
14026
26960
27087
19278
15436
11669
16096
1472
587
5337
4500
22373
1626
6896
20670
3284
22405
29770
31331
6672
3986
12834
32540
92
29062
30457
29884
18000
20843
20291
23603
13869
10577
608
32434
22126
32659
28621
9744
20639
603
19612
13421
14962
31848
21793
24341
29968
1807
18159
4262
5805
7552
14083
13942
4703
30027
6206
32047
4656
16419
1561
16572
14194
15073
10132
13161
13650
11724
15983
69
31152
16919
13981
27851
22574
20651
18934
15810
27527
3623
3116
25442
8483
14373
29440
12472
8936
10176
11957
8780
4946
27987
26309
30720
20422
22914
11988
9787
11555
6015
18402
25159
25243
15494
452
19960
5825
28842
20693
1679
17122
5332
27625
6877
24729
2569
1666
11436
5534
32235
31559
16730
20959
24707
31409
1479
5074
26429
4616
2418
18185
16692
7822
13534
28935
24752
250
32571
8274
32237
9511
10050
20937
14111
12814
29537
16440
29106
30194
15640
21034
24790
25306
19363
6654
21819
12100
16857
7229
14873
28440
9044
20523
25460
14555
13522
3740
4510
11045
15323
25353
19965
26197
24996
29411
1294
20099
15668
28455
426
10678
18629
17459
11657
28247
18029
31704
15108
21990
22525
1456
7199
2028
20010
22962
27334
28977
29418
10499
9815
6958
21281
4367
27233
6085
19325
1241
684
21808
23710
24719
121
28216
2683
23394
13578
19111
19201
19349
13669
9215
18429
28883
19286
17004
30779
14533
30643
1528
21487
12772
27107
4094
10325
8332
4257
8417
20117
27218
10238
32253
18921
19352
26789
29662
4353
2911
15459
18608
1703
8540
7143
13047
26015
589
31174
10369
9169
1677
24258
6552
4266
7910
6987
27772
12991
19367
12870
19728
10419
2551
24846
9427
4443
11113
26808
20242
16161
19409
31900
23900
15014
22869
31248
55
22700
25287
19831
26641
26418
8242
10363
12921
13792
27058
28054
14223
32166
4233
29911
19385
27553
20080
3555
18840
21310
16171
25402
30779
19361
6240
8891
8594
15432
5033
3947
27941
7403
16104
24690
21253
27815
9947
4454
15107
9308
4080
1996
7201
10324
12634
12764
12358
32037
9828
645
4150
17368
2565
28337
19392
16714
28853
20426
21050
29907
13440
20349
16170
550
18265
16574
24390
29304
32688
2572
415
4325
4935
1270
26905
26127
13377
30430
29214
5896
1148
1789
16531
11122
21280
21927
2571
32484
22648
6352
20539
24976
25601
25040
8111
11299
12481
28771
9915
19181
21466
14068
14515
1090
31071
29723
4446
32288
25446
1380
27817
18193
24415
22354
18073
26195
9636
5795
22403
14135
22353
1750
8319
5063
3669
8683
7194
4779
13257
25962
26443
23630
4225
28838
30377
23356
19425
22595
11226
19407
19698
21238
24399
28426
12725
9100
12846
25797
20664
25646
15504
28938
30950
5859
27629
12480
25507
8022
9684
390
3353
2522
736
8418
26316
17323
13799
18075
6261
10358
29556
15971
17165
2332
28024
17593
31272
4020
14140
11022
26500
9423
9626
1831
19682
14847
32621
29122
22548
7578
4678
6268
32088
15291
32609
9970
19428
28810
21719
19239
28866
20413
18196
22822
23518
1375
7820
20968
15198
13264
11690
20855
16689
29454
25353
10324
26347
21810
19431
9238
9168
5182
6871
19285
18734
19733
1717
4294
30961
27595
5599
16807
27249
11551
10658
13150
29070
22854
24051
29789
31743
7147
4448
1096
30951
7539
10566
22362
24233
16773
26179
10501
17150
11978
23790
25048
14661
1009
26310
5286
27418
24055
8041
22245
7977
5029
16903
30804
8772
19034
31509
24033
18100
18442
582
969
28109
9863
4279
27393
20422
19455
1897
30165
30151
19654
23029
30671
6722
6742
4475
31962
25479
9109
31708
2983
11411
19030
23337
26448
20521
21025
10587
5179
10789
11319
17476
9282
17164
17617
5573
3600
23015
13737
3138
5070
16466
443
30547
32000
15568
15949
7356
10153
26465
19757
6560
13494
13399
3130
25585
21401
8549
7717
43
28981
14585
12409
16194
19962
24523
25305
6360
16209
8374
13193
30132
8250
27336
5425
32368
13619
30101
4573
17009
1885
16336
8007
19229
31450
23580
2137
28487
9337
31
4078
31470
8853
2520
12505
32552
32058
28467
7976
24153
20874
19419
28330
26792
19551
336
686
7348
14386
7481
11022
24706
8764
31227
4716
18107
23258
19850
25020
13332
21814
6784
15618
30989
10788
14188
32093
13278
16970
24684
19525
3758
27524
1790
1041
11783
23943
21523
31164
25479
29124
4197
5096
30936
4751
26379
21283
9954
9600
13898
12138
3390
29977
25263
28395
15854
23978
24666
23055
12620
16754
26269
28856
13889
2055
454
1224
12983
11512
30520
24034
18513
8624
12225
19060
12633
1693
7207
16885
27130
32658
18436
31851
31151
10090
3796
9009
28923
26351
10061
32503
28507
13050
30959
18186
17785
30171
28635
30166
1954
10234
17128
18089
9338
23487
24564
16569
21486
16560
29304
29545
29291
25049
14431
18376
7245
9073
6425
2906
7579
17338
13035
6172
2545
25385
21129
15810
4285
22471
2278
20547
25006
20439
21323
32663
13674
1977
2471
23743
20096
5902
1830
12295
1693
6429
16644
1160
15362
13430
16292
3312
13109
17876
11740
17798
16631
12872
29331
30568
20599
9364
2191
279
6597
14805
2184
2102
7305
24934
6529
30863
13045
29696
15192
29783
20728
17958
8091
6579
17333
14784
1181
16763
1331
4870
18121
6973
30806
5279
7223
19077
8462
9994
11901
26971
11470
3902
1736
5134
24384
30861
43
25136
14135
21966
13366
28898
24549
23995
5579
25170
16974
9880
11821
30337
19196
9494
12378
8522
14324
4726
22171
16800
746
32241
15961
24087
15281
3416
13874
2725
26357
12536
12876
23466
13612
20160
23273
2607
9674
10406
26940
11627
27316
582
18044
11660
8184
18892
8502
21428
11195
18453
27879
6977
23155
7185
32714
10321
2902
1388
17135
1925
273
17005
10381
6918
10942
1310
23705
22726
30992
17325
25495
15881
5073
26642
7089
7203
911
8946
21510
8835
9106
26051
28228
18928
28689
18482
15993
1299
1189
23745
7462
23094
24317
14517
24470
19019
14804
13103
10861
10544
5152
8089
21124
19249
14476
1859
16372
11215
22825
9806
1905
29119
4960
12234
11738
29750
28716
7451
18957
9572
13446
3233
30976
1598
5664
29592
22542
1921
10325
10044
31118
31732
5472
305
1962
32749
30669
8995
2415
31254
26670
7594
32288
6513
4879
32368
17104
29850
27436
2453
30255
11853
19425
8786
20133
17191
8161
9949
5789
25777
24619
17293
17188
1434
32570
319
22706
31556
5244
4856
4679
22659
23558
9932
32442
26017
24198
15870
2126
22949
21881
20584
6791
14548
8094
16157
23100
31865
22954
23118
9196
26594
28477
32362
17494
11947
14357
3209
8003
20543
30082
16907
14503
19611
17433
13180
21480
5717
21933
28347
7550
26077
1915
2140
4796
20996
10405
6218
7149
20922
1250
27057
3235
2844
1907
25115
32332
5038
2649
25561
14598
1508
9669
12196
7861
4072
5072
2436
19538
24471
31852
9457
25990
4044
15770
7224
15991
31458
990
30497
22498
5748
18160
1231
24938
15463
32437
3303
13871
1323
9325
7157
1955
5949
21550
28427
10905
4081
8849
17067
15007
26990
31403
2278
1934
506
6207
19142
351
10360
29233
14570
5696
21038
10558
12144
14055
24012
20203
12568
29991
1962
6331
7589
28865
29522
21413
10119
1660
28222
11205
19640
30072
20451
7250
22244
28351
6894
7120
9932
17181
17357
22663
20204
9010
16497
6451
16731
9669
17746
5629
5364
2139
21428
23978
9651
24072
32041
6931
5217
8326
88
20181
26996
22404
8956
20809
24369
19008
27952
12471
5907
28504
10729
16326
15984
3806
20676
26679
26202
19114
15618
5587
4804
244
21968
19874
17637
15650
3020
17758
1250
10974
20422
3879
11943
16236
26307
11640
1557
3386
16200
9050
22115
30137
11221
21720
8382
11628
9903
19378
7731
17983
738
13398
6351
13337
11911
9995
24581
32692
27203
4464
23631
7085
6672
21541
1560
4055
4928
26824
17370
28373
3007
9251
29572
18920
3736
26787
8990
5893
6586
23820
15535
15659
18685
31596
10591
15091
12896
3150
12249
7017
22420
25135
4595
11546
20671
26934
11665
12142
5242
24351
9414
27192
283
18297
20797
25484
2874
28689
1752
10193
13678
6574
27030
22550
13656
6398
23226
29354
27107
977
16682
2534
1737
16005
12565
23886
6490
32193
14040
2265
19065
4199
18723
16012
487
1475
9815
15949
20164
1033
8499
32759
14674
25342
8368
17322
25085
24309
22313
31845
4504
30717
29887
18646
7914
20825
22780
28272
19817
9520
1975
2751
2373
8326
25911
28408
9384
15211
32155
22997
31293
24946
23416
927
6383
32357
12741
12428
23795
17207
23796
15692
6664
14138
32610
23007
15101
27026
15601
26281
31348
22250
23027
10184
6375
22374
16715
17061
13288
10456
13774
14793
8877
26934
13040
23283
31691
5452
16540
21351
10306
24494
15971
24200
10170
29681
27097
17065
27148
31258
9276
4129
25092
28247
15191
22173
13670
8429
14758
17595
11822
29298
443
26068
20764
8252
14560
29208
15728
13593
17662
25825
14835
29248
25022
19777
4918
17544
4333
3293
12062
6616
27173
30975
31136
10975
3498
4582
3786
3333
16018
17505
17923
8353
26665
27036
659
12140
4755
31033
28006
20278
2739
8610
31756
23767
16716
15006
26885
9065
9574
17955
316
948
32244
29548
27345
12266
1715
22602
18715
20373
21589
21695
25070
8141
17375
21705
10265
25518
31056
25724
20275
14601
12675
19027
19608
9562
27478
7112
27054
28410
11276
34
19309
5782
25328
5519
4894
1248
12347
11378
31842
16516
4920
19710
7287
16478
17318
15108
9911
11754
14942
27657
23137
11260
11574
9116
32156
30129
548
10727
2489
27045
32167
20611
27833
21862
12386
14737
1039
5417
26634
5382
13479
23484
10115
18502
17446
14012
27206
13301
22388
8968
14086
3081
14968
17781
17811
30244
21794
7108
15358
25122
29103
14801
18174
20717
14376
26380
4498
32153
812
12333
24552
7341
29168
16676
20862
9662
23428
6991
3719
23363
1880
31728
25744
1188
20222
1758
5731
3732
3377
2427
25388
1441
32279
27109
2266
7945
29891
5745
17864
17360
2558
2389
7581
21007
10311
13476
25969
2191
6424
27264
23345
20630
30571
5515
19524
23041
11133
21918
3950
15763
21458
21694
22005
6541
16249
26699
6147
23679
23953
21115
8268
12893
17932
14343
31472
18389
16307
7716
19363
22496
26474
1205
20235
14232
23734
28863
2921
21577
6012
31517
29820
22474
19212
14197
1699
26382
31325
1898
7489
12022
8602
11795
2149
13161
6366
14252
9643
5287
5181
2444
93
16090
25859
11863
15582
14319
24640
12917
21321
32675
3716
9411
23893
13793
2279
3976
31612
31563
10060
32170
5468
16407
25575
24610
31069
29980
6141
26541
8084
21292
30187
9924
5095
11429
25706
4047
19314
32067
7953
9110
26922
11320
16412
25592
13760
13439
5995
24287
20169
10093
29390
25971
20763
15753
15231
17294
634
27037
3312
2928
15988
8717
10439
18869
10889
21608
27687
13700
30095
14141
10802
12552
9813
28208
4044
11812
15751
13388
29857
19298
11985
155
15721
15661
30023
22772
13163
22337
18181
18197
30015
19039
11282
9202
25817
27205
31883
11596
14019
4061
2557
6532
1706
27573
30738
7602
5404
23727
2160
6642
4752
7930
24030
24574
7079
26432
31400
18434
19121
15905
32325
1963
627
12257
26168
32641
22056
9309
22068
29304
12997
29508
11139
23489
11649
2179
24489
22246
7061
11521
32324
19990
22336
18317
12854
25278
22031
10773
11782
17497
29787
16152
29572
27016
6675
11101
16044
24421
7356
14310
6093
8980
693
6176
20715
14748
3008
24668
29281
31221
8894
16514
23242
15715
7354
22276
5666
27138
26921
12306
12329
2977
6000
17677
1544
28371
21927
4157
23351
29252
19613
2246
13726
586
32028
6872
17659
29372
622
28711
22915
11015
24095
7323
11724
22654
12549
840
2026
6898
1406
1952
30169
24451
3833
24295
10523
23989
696
5608
13729
27335
28116
7911
14319
5952
11393
31702
9852
19146
26259
22732
21079
21059
13633
10930
23312
5138
22057
9792
6614
24247
3989
9000
18397
1446
10749
16272
25603
16470
8909
22470
7090
32661
31847
9775
15112
11550
20332
8065
26677
2413
312
24370
11813
7122
17323
14385
6752
26821
16943
15827
29230
25209
8182
22800
17150
18356
11140
15855
21000
25821
27502
21823
12082
27479
26721
28296
28464
21261
22629
20033
20720
31310
3939
27715
21045
30684
22757
30334
30594
21311
7966
27627
19257
5983
810
25537
22532
29522
19095
21740
8820
23923
17955
29115
26088
27828
5575
27609
6321
23605
28149
13438
31603
27925
16927
3302
14286
6792
30840
31491
21054
21545
2814
30319
29504
12946
14776
24996
19383
23082
12860
9071
6285
63
20597
29858
2461
18005
23715
13834
4049
24509
27299
25248
22151
13673
15985
29187
27706
31742
23019
16166
24158
28715
6104
18246
19595
11578
30760
21792
14046
20964
381
27744
2973
26474
23531
2396
14361
16097
2300
2306
16601
14541
23800
19727
9460
10994
7523
28803
4287
22631
26822
8273
9128
12268
19379
27738
19810
17533
9987
9372
1603
13352
19298
5799
26346
28955
28174
16209
25380
8449
23259
17579
11281
1679
1915
19508
32130
10585
27644
332
23206
12267
17554
24555
32230
8213
8343
6034
13
31110
25296
6786
31404
24220
5874
11565
10685
16251
16484
2538
20614
15197
1607
27884
26048
11305
24756
7285
19193
4166
11076
16711
4919
18097
16598
9052
7390
20813
1164
7894
723
4475
31767
25913
10466
13035
24373
24280
26461
14514
16503
16525
6662
24732
13128
10669
5679
20675
4907
24123
19488
17248
20548
29020
6073
9442
25882
29707
1113
22589
22939
31758
2046
5509
30561
5929
31149
5819
4915
32401
18196
1767
4047
7843
11630
26470
32230
18134
31143
24454
32105
5615
5056
10832
17411
30324
22902
5797
27879
16226
3102
19853
30155
19746
21972
21195
3380
9914
10708
29621
5621
833
1064
6210
1010
17301
19588
10853
30250
13392
24686
1945
12789
11255
2209
12477
25481
22901
23988
11299
18371
22216
24567
19940
8997
21499
18078
23158
10779
28244
18977
14208
16002
1998
28130
7916
9834
13001
3345
2110
8219
1537
11980
15397
30551
27837
25995
18000
32735
18249
15804
14723
6457
28581
32682
31210
8111
30335
18595
429
28315
11359
16218
21444
22498
19234
26506
4365
13503
21417
22748
25500
29634
29650
23819
13394
18456
2215
14662
24241
24076
4310
9942
22254
14542
9058
16128
30280
7539
16023
24109
24985
12094
835
16968
15915
8478
12323
26728
10444
8311
29084
28079
8997
23845
22955
30578
27463
21183
5151
26265
29063
14104
11014
23113
24716
12812
28517
17857
27558
17017
23084
7554
22369
29835
31080
24499
28763
19773
15803
31683
25682
3868
15369
23888
12673
15438
14197
7752
8237
31188
1932
9294
31355
14348
11967
11615
30340
17530
13591
4021
1707
10439
6948
12523
1071
31498
31031
30819
26620
839
7889
16613
1479
23093
18010
3464
32089
25925
12566
1494
22059
21471
16214
32043
31028
495
22763
2398
31999
25504
14816
27811
30720
24167
30569
22192
19752
13124
20758
16671
9911
24133
8780
27412
4946
3915
2038
14367
31061
8208
3704
30308
21610
11113
31716
20473
29019
10697
2673
27535
7204
14087
10025
85
29773
25953
2273
24857
23414
16832
13166
17072
12852
27966
15126
16793
22299
28645
23621
27357
7196
10425
15233
19513
9746
32505
24992
20351
27287
14499
18489
25914
16412
6710
2648
17041
13369
13243
3446
13934
7233
32518
13992
23007
5146
13114
22
8124
24395
29067
687
1930
24663
12104
18459
30623
6730
280
30961
647
28817
11140
15147
7079
6414
7349
21719
32544
29804
13183
26383
20726
16560
30623
21802
14194
23057
10049
11316
29892
32266
15814
7836
17389
17581
22467
26669
31964
17466
6221
11839
17367
4848
29556
12335
18461
6947
525
23564
21962
30095
17077
7059
16122
15852
27666
27998
24625
5571
13404
7768
17403
18815
12828
14196
10703
19399
14900
29599
29753
31499
24352
20979
16953
25949
30075
6189
14310
32387
16837
22881
14934
31818
13155
21740
8898
19741
20711
16811
11494
23765
14738
22890
9383
7123
24599
14495
5880
31820
25250
26201
2558
23013
9241
6259
114
32640
2722
2061
19528
16213
1893
27196
29838
20804
19347
24833
12950
27497
20135
30840
19031
18674
2540
1106
16913
4909
3391
29061
15664
24805
20758
24642
32371
16367
27073
6696
21837
32000
32752
14519
31372
7618
12918
4103
8248
16678
17740
12730
14526
23035
16857
7215
14669
30656
27760
27128
23425
4534
13083
5519
8767
2106
31127
9540
9696
20562
26271
21370
27537
32134
5742
1811
19449
7665
22143
12329
11549
7319
20119
23807
4993
7673
15109
6967
20112
2791
7208
31045
17470
15766
32563
15395
8172
1266
17453
7494
26764
29237
1340
9426
16901
9401
802
29706
24025
2058
15112
5130
24325
14400
2427
7352
13609
140
32436
18424
13032
10256
18460
17695
25490
244
21263
24747
25600
28086
3296
21553
17088
20673
25630
21142
11123
6722
28438
9346
24946
26679
23449
26898
19896
27848
3072
20173
9212
3803
1388
22746
25373
30947
4947
1136
13507
2552
17464
25229
28740
23853
9145
31211
17604
23326
21967
1328
20129
2504
30546
24932
7182
3742
26555
16553
25853
5849
24622
29990
31299
6671
31672
26693
12278
11015
5333
4638
18202
19148
7221
1331
6781
29184
19647
25181
4832
17523
24791
18694
9815
8948
11484
6041
26355
3943
17141
4151
25757
5912
1038
13740
26181
14159
16925
29857
15933
28709
22442
27922
15839
31125
22670
28675
3190
20182
16379
1391
25948
1000
16316
3714
351
6510
5310
22536
12137
17083
1232
12580
24673
21039
27047
23109
10828
16324
27941
24662
1720
32228
23259
14389
20570
4222
10956
11879
17398
6744
10611
32522
2175
21671
24840
10762
640
9437
10240
22424
30394
17602
30931
24792
16398
12486
30465
20698
7326
20629
17751
29132
22064
3565
4462
14958
18899
19884
30838
12230
4804
32558
10545
3860
23698
13781
26434
21512
8321
233
21416
28467
21036
30115
7814
16572
16239
8068
1573
11092
10116
19179
18235
21355
19820
24039
25198
24228
2449
13130
23316
18311
7849
11263
21309
6519
21981
27293
10483
10467
9771
27963
30912
7104
27401
31111
10609
22070
28235
3858
25882
8089
18758
21486
9050
5020
24886
12155
10464
13249
733
1918
8238
11540
24941
21363
12189
9753
31912
31269
12450
10499
12870
11643
27727
32294
32407
14485
285
2735
12393
29719
21992
1939
5164
21701
15931
9413
23124
18513
13262
27820
15615
21616
18765
31700
10456
11315
14939
24804
27963
12181
15575
14544
14234
2385
30558
23375
24095
24310
16657
11152
15762
18236
3736
24872
11902
31385
12391
23888
21903
29200
17983
24653
21311
26698
3064
13103
5809
28903
25471
6590
22493
6678
16411
8370
31982
19555
22260
7202
28392
23761
14549
27199
8590
1321
14641
20034
21123
13969
18020
30627
17327
31328
5948
2444
29924
21809
20920
13965
8386
24631
3855
17553
216
3280
24820
3345
7435
18012
15385
19847
10812
26191
27634
23590
15397
11909
29627
5320
20100
15830
188
4648
27004
13035
20940
1873
25912
29007
14356
19798
4305
15561
5397
31044
16498
7914
31213
3669
1722
19170
19413
8294
7521
29592
4591
31403
16671
18425
20543
7842
1225
2447
5110
12101
24510
29014
5367
7300
31617
22220
4244
8946
1191
19784
16792
29631
756
11148
6539
6374
31937
12701
7985
27047
27040
16595
5716
9016
14403
23084
21699
31160
27546
22245
26779
13668
4924
3916
29637
12301
8968
25552
24768
18122
28172
23642
21665
5098
18598
20960
600
1324
5608
22071
17204
8755
17473
20008
6314
5940
32090
29127
31570
22514
3391
9984
6962
28396
17599
27251
30015
19668
23317
14978
25121
11332
4808
14503
567
23981
9679
29963
10971
3984
15609
6229
14567
26352
30348
24512
27767
31751
16428
8049
12785
3896
2047
16135
31811
2629
2319
25715
5228
8642
14064
16650
574
10953
3234
13528
29282
30960
17080
15416
15772
22648
12474
23458
30032
30919
24009
32195
6470
23320
1153
30675
23210
6514
3620
10275
4183
6614
18676
25333
16469
445
24032
8593
25247
32194
18787
10133
16682
12699
23466
4749
6436
25677
1013
1987
24953
15520
27455
29785
23196
8657
8737
5012
19332
5256
26100
12155
4085
5129
16694
20385
23552
25518
2862
19007
22733
17557
2771
27525
32408
30614
16619
10034
20474
7032
7536
2147
23146
15204
9271
21416
8195
8601
17620
3933
20104
16994
27064
26168
26533
21317
668
6174
15991
25214
3619
27963
28239
684
26298
24401
11955
24265
22211
27984
10406
19039
14324
19752
12586
8697
8697
28635
3330
4056
27745
3030
8636
2280
1975
8577
14319
5619
29167
11797
12994
15635
18949
174
24749
8045
18144
26017
18820
7964
5500
7183
7601
8556
25160
18874
10944
16713
4557
24856
31010
1527
27793
11686
30506
29187
16955
31359
21852
32377
18423
1837
30695
22103
13852
16063
8560
26178
26893
25883
15121
5240
2397
11926
23970
13574
32566
30146
55
3643
13563
903
28649
348
27948
7542
29914
11161
12170
20057
18547
4928
4476
7439
16624
13617
23986
9623
22047
1682
24328
18538
25444
16067
21165
25614
19201
32148
17796
19688
24212
8630
24778
30546
12513
25456
27130
2029
13522
1939
31213
15928
19900
16048
12102
28002
13540
1160
24589
30557
22594
5060
3738
32308
5765
16871
9653
16286
31831
22400
16379
20179
26337
14500
32388
8350
12178
29083
12994
7604
17692
31706
24492
12100
21952
20273
22044
31183
28364
4934
28790
14906
13666
1346
12683
31010
7290
26058
19133
2159
15402
817
19811
32556
11814
13292
2927
10134
4995
21830
27470
4978
10176
8789
13071
19108
1286
30508
3784
18430
32175
21586
22069
14422
12038
13939
21923
12251
12621
5718
7692
18857
2309
9487
8324
26010
15721
6262
6355
30815
14396
7127
2916
8656
21188
14571
23134
32129
13335
19719
13840
24982
25749
24212
27794
32728
15030
26303
23721
7432
1286
25457
4076
21107
5485
17794
16421
3526
4532
3882
19450
17188
11589
14008
24269
1398
12338
8582
20448
30978
28537
19244
31933
21568
6791
27892
8917
25320
506
14734
31847
16208
15275
261
9379
13813
18412
20722
1808
1879
7182
25840
24107
31755
13863
31567
1361
32523
7697
25101
8670
12880
30646
20481
26519
12707
2699
24154
31813
30640
25179
13896
16035
6492
27974
18169
29818
19288
15113
6087
9227
26102
16768
2736
7341
23356
19049
8966
29367
21304
28266
9319
29344
25234
16726
7664
20325
3944
5036
13742
4139
6229
28000
18517
294
12755
9694
12597
11193
11716
15693
20073
6623
16715
23312
5458
26825
23776
5523
19268
28361
19108
26436
13950
30830
1777
29919
23392
24817
1846
2287
6616
2511
25346
26770
16158
30136
4958
25980
24481
2728
15456
20798
3393
16212
13565
13768
15806
14279
16671
30509
30064
5453
12791
17063
2617
32144
24725
28379
4793
7425
14006
12638
21952
10361
14813
19831
19977
8736
19621
8231
5669
25999
6741
11622
20661
16177
24757
4784
24796
4847
3104
704
1780
22028
23003
11932
13696
24653
29861
16337
12898
22622
16271
18432
22607
16241
17166
18841
3199
24616
28751
15847
15529
9397
11978
15437
31022
6208
26650
9935
32661
6024
1548
32723
18743
29902
5878
19753
29243
4847
3146
11338
3269
15312
18282
31709
13419
13822
26814
16000
30185
23958
5381
6852
24341
17507
9448
7289
19221
7495
29397
6957
16079
30428
15114
27119
27041
2394
16880
13401
7762
7100
13483
11469
22601
17438
30703
28670
8445
1898
22805
16818
27053
7219
21870
1735
11601
21729
27607
8308
28368
29967
11405
3282
26483
30257
31555
28827
31130
32634
14194
28209
15278
5373
16113
28130
12118
16914
32453
15210
30958
17147
1594
7353
11061
29127
20531
17911
31557
31351
14014
20166
28873
6752
17643
3271
26218
28368
23263
30559
28298
5876
22564
30907
28725
11513
16451
20497
4180
23154
3477
26921
15140
3066
9814
19741
25063
2074
10235
4189
16602
28013
31941
25077
16742
23553
28567
8211
19610
19969
12805
5571
8665
25489
2221
17918
1488
9722
4554
26595
23979
1543
23046
30788
2697
6575
13200
1124
6445
23795
879
4607
6646
31242
30998
18571
13585
23740
25656
16318
20205
5388
7389
5968
20719
19737
12726
15362
27240
22086
20653
32223
24004
4505
7617
23490
11780
14177
27665
10264
16494
16924
3382
27367
18050
151
10966
9488
1073
4951
24182
22737
17994
22840
31632
31629
7477
3924
16358
13520
12259
10278
24085
3726
15109
7664
5741
31403
4220
17497
20992
20928
11025
23899
29689
12061
10855
30044
21808
19978
19245
19099
7675
19539
12184
17358
29254
30211
3089
14858
9190
32367
3115
6626
24362
19062
983
8147
1459
12296
16603
13280
11142
20197
4224
10361
27232
26279
19851
24737
32586
19971
2671
8528
26220
28492
11201
4630
26918
28216
1772
12546
21085
23271
22822
15810
15635
5665
10915
24587
12603
19168
29192
3388
715
8462
3106
28990
10002
3471
23512
24238
29772
25474
9822
2622
32628
2756
32684
5464
3161
32694
23343
11269
17396
65
5310
14862
9465
2583
1487
31585
25260
3643
31467
27573
9718
32195
7519
22897
25784
5085
9525
8138
17247
272
26466
19500
13497
23492
5185
13020
19463
31237
14912
14043
30035
6276
24794
18701
2051
29406
20421
25242
26543
12577
22124
32405
10032
20109
10143
22236
25081
23959
7561
26687
16299
19764
31203
484
21987
4947
30312
25577
23638
24747
14729
12620
26401
16824
865
14600
7002
20736
9963
23169
4587
24219
9075
2338
23712
12530
29258
13125
24958
17095
23742
4179
87
8822
28233
6700
13979
22138
22281
13769
13681
27442
21104
20256
7686
3557
26173
27719
22565
22789
3499
31709
14089
13744
9448
25254
24687
30332
10440
3189
10735
3956
7867
1103
24715
3934
14589
22477
11913
15936
2828
18882
4990
1314
25183
6174
8876
788
5973
22802
31629
29555
27244
13173
12464
18793
16819
30311
4292
9395
23170
21556
1523
935
17256
17531
32625
22133
12901
20879
6484
22445
2905
21789
30374
19969
10941
26639
440
6989
18577
2481
1722
15572
1941
16914
23689
8396
1212
17326
4040
29982
31454
20553
17458
21351
20141
25886
16430
28226
5866
29241
22180
9161
29913
8482
8976
6489
20722
28347
19413
17558
20441
7275
16083
1455
5008
15484
7227
14052
7404
24002
17314
21829
24901
6782
14165
9916
26738
3713
18925
333
1780
30869
18979
6045
2162
2840
8421
28337
24166
12266
5545
24825
10005
17290
11521
21133
8388
2939
21871
31414
23849
27629
22139
26288
18720
8345
13828
6574
23711
31981
2004
28191
1772
30569
23415
7216
11021
1097
15436
2450
16513
868
30684
18045
27693
17748
7787
23541
9625
27607
29133
20300
15452
10613
13947
32488
20949
9315
6886
15430
6940
168
10507
18239
32568
21886
30280
3722
26003
4603
1390
22915
18603
5360
3863
16170
24841
31762
9274
3695
31863
28247
24316
2989
21870
26019
5577
10100
32462
15268
17572
4747
14289
32250
8379
21301
15426
19868
2623
16308
25834
19831
20594
524
11340
25688
31746
2313
27538
22027
5013
2691
25542
30661
3749
31457
26437
959
27278
7644
14193
20516
5605
5254
27303
27949
9740
3210
28273
28298
2819
29877
31228
25605
13697
23221
1228
17762
25412
22049
5550
21897
1445
9402
32238
16615
30319
23537
21707
31505
28401
21417
18216
8106
30034
11837
3972
23176
13349
8645
10796
6930
28733
26261
6575
5868
4291
28423
20371
24535
28037
19579
3398
4306
22417
26011
20823
22149
4099
25060
9446
22240
8475
28258
23898
15360
19859
16314
9810
26194
2607
30062
26589
2554
13717
16989
23789
15222
607
32393
28169
12158
18287
1565
9283
12847
10882
2479
18538
6505
22792
13250
640
13942
17204
18319
3438
2796
3407
7429
21239
17620
11089
7694
1003
17931
23218
10516
157
15081
28286
31940
9622
1057
8616
4369
20619
30696
25504
380
12685
15962
21287
27795
15488
19737
23395
27832
20174
17975
10030
3620
23901
15958
24244
26156
16062
11789
25405
12226
26023
4750
32071
4414
8099
390
12504
28511
11272
13381
11282
29068
16169
19999
1032
7008
17870
25106
13264
8038
31969
31657
4570
20257
12650
12063
12159
19536
15550
29896
22237
24431
4338
21421
6883
6017
27030
8054
11688
5901
29856
19854
28929
12903
1959
9601
30034
17200
13650
20649
23204
21792
22287
3337
18424
4099
24328
1913
27867
770
1619
8452
16699
13604
11112
9102
30585
7957
29913
10681
21695
29221
3133
15882
25492
20627
1389
30024
13486
23308
17908
2085
8711
14191
192
12321
18483
29907
6686
19370
10736
28875
2021
3464
12799
8681
496
15224
1842
27520
5842
16407
26311
24238
30918
5122
30964
3226
5861
16956
21443
19963
22172
3024
8224
9178
348
28343
5424
5528
14995
5115
15845
12338
4572
26909
15568
2756
1394
26805
566
29772
2283
22104
10341
11953
25635
29118
27208
23300
32374
25892
26682
31493
27186
29424
12056
11241
17483
9876
13722
32346
15441
3252
17379
4032
22688
13963
31062
18623
19159
3211
25772
25856
26763
13379
25155
10293
7228
3462
13497
25687
25223
2762
3002
13618
10142
26830
27926
5412
6390
2432
13335
12066
16191
30237
6929
4603
29849
19610
826
10465
2821
7235
28348
7461
14105
30114
24841
1346
4857
12706
6511
1309
19842
13300
23532
17291
22984
11442
15427
22804
12995
7490
8015
7159
1861
9342
26264
28013
25135
22033
31268
27698
8933
8484
9360
12354
23039
2619
30047
29664
24130
15449
7569
19933
11726
13675
31351
24855
28568
4579
17095
9536
10523
15268
2540
11489
31819
30
3487
3230
459
20922
443
18363
4959
14456
20045
26079
6820
13782
29675
5656
14335
8181
2632
800
21971
14327
3333
15583
31735
32683
27337
23344
30567
4716
2707
15848
10809
1350
15183
3605
6099
4699
16808
25731
348
4997
30750
14725
9840
4157
13656
497
32280
25276
27835
7533
31737
14431
15675
31209
13771
29008
25201
4205
32013
9059
15342
7957
16631
17470
24272
17498
19633
16061
26003
24466
13762
30613
29225
23226
3787
1335
5708
16756
12917
7927
5651
18764
15016
1901
14531
12095
30718
30235
7144
3710
32119
17489
15525
5231
5230
24910
11081
13813
11467
20904
7458
18929
7547
15854
20630
11529
18717
21643
30575
21160
31486
749
7031
26437
4168
18919
12613
26601
16758
12628
19798
21227
8203
7934
12128
22014
7300
5310
6114
7535
10379
6628
7168
10407
18797
21464
27534
18423
11982
4610
15723
10133
8604
20712
22032
3041
24385
30870
23656
8941
13597
23107
28899
3901
28723
12593
15046
4043
29986
10965
24517
26958
5208
14904
6611
29884
28290
15005
24377
30478
32070
9572
20709
9795
5173
24366
25349
32679
28155
24642
29653
21333
6617
15408
17589
10491
23894
19636
2431
25053
24113
988
535
15389
10393
10605
21060
6969
26016
1924
3006
14805
21998
19065
7816
10427
25778
6152
9087
16160
26335
8627
13620
24617
23188
13922
19191
14765
15067
5965
18996
24637
15255
5147
16899
27745
440
12875
1274
32037
11185
25556
5445
17364
15916
4360
5881
32004
18684
31166
15526
31442
22611
12720
25132
9327
1589
15394
18895
3804
16428
2757
12173
4849
5438
25562
9902
1188
8220
29594
30110
28552
24988
3286
25592
31892
8041
23771
12003
25894
6905
5784
6049
5959
13504
22787
16485
28465
20388
21688
19301
10767
2224
29923
28721
30211
5900
3937
31555
17261
26669
24610
27607
15211
19529
21458
9213
32668
18190
26040
24300
5930
22675
5342
24985
11527
21135
13426
6536
886
3529
7020
7650
16590
5071
30577
18121
31098
4331
18167
20200
6981
8787
16043
13134
7637
21664
7695
17788
7284
26241
14184
9148
15639
9137
11991
2997
2200
27686
13510
15165
6215
15244
16261
21358
15521
17649
2101
29180
351
30402
20198
29893
12979
31478
10748
7082
18382
1929
25815
31902
22181
4908
12723
32252
29941
16955
13004
19230
10884
8175
7878
30507
22699
30677
1101
16944
15121
25470
28921
13427
26041
24696
32628
1028
25663
638
4318
30868
24158
5612
13680
16778
26038
18038
2144
29268
20684
7704
773
6395
18259
28752
2876
8955
25514
1420
16650
1105
3493
6878
20355
21717
29328
2551
17642
22474
15985
11603
13849
8628
31374
21681
12579
20585
13615
24006
17209
2411
22181
17714
5578
12917
18315
17331
26350
6228
19532
19353
24837
30712
14822
31354
5531
7627
26605
21286
8080
3906
978
21469
12405
29361
10597
15552
3384
10595
25753
6790
15876
20458
135
26992
30051
6324
18358
25727
29350
13535
6554
21732
25478
16206
31066
30136
2315
24061
31191
16365
9133
3473
10985
12933
27322
19252
27627
27393
4855
4255
18299
8733
10378
22136
15483
24762
16407
4319
6235
284
17194
23108
18075
20565
23509
16507
14731
25601
17306
26642
20566
30772
31114
31202
24126
27057
9135
3812
14121
8285
8104
3654
25949
32243
1683
12734
27784
9464
10288
9247
15875
11250
16706
28202
16983
4309
28985
9638
7169
190
13071
4787
1906
18403
23920
16219
31834
32202
28189
9578
29734
16826
9362
28287
31175
7024
12263
31332
26294
21522
29684
8091
28981
23401
10680
23097
28631
3402
24316
23800
30274
27477
6451
14471
12084
7907
8101
3364
6084
22329
12492
31341
32747
22530
9982
16755
29762
19452
20557
19729
29965
12273
32172
5244
7801
27113
3411
3098
9762
24734
29796
6296
20952
10032
3022
14391
19363
4378
9329
22118
30468
16997
9860
32150
11134
4123
16436
23370
30805
17663
26510
19053
21910
7803
13215
22505
26199
5594
20698
30069
12352
18871
5306
20142
27723
7093
29864
29802
21703
22129
25630
21065
5283
28597
24077
8845
15337
15087
7548
21547
23945
8161
18802
5921
14936
10649
6167
779
7512
420
11542
3057
19770
11135
14149
14692
14113
5198
4488
21449
13993
19152
27379
31732
7976
29587
14894
24825
27188
19812
30
2110
12133
23050
7617
23509
18779
32564
16730
29449
19459
13231
11983
18743
12311
3292
26447
22240
22500
16482
29751
16635
20816
28192
22839
4752
31003
18022
29105
13442
25445
24676
15713
6061
11633
21730
24643
17712
7336
28978
22961
18700
12001
5731
14028
10991
32735
6328
17438
26954
10267
13144
638
10921
30916
25671
25395
6468
14597
17557
3932
7377
18566
12502
16015
26269
19253
21970
24768
987
16966
30077
8036
27196
13944
30761
31191
12992
22427
7674
251
30411
13647
25754
30243
891
29966
29999
20783
22329
10605
11914
29176
7566
11934
8097
238
7480
12346
1600
17151
19582
15421
9723
25787
32704
1875
2919
182
26194
18002
3978
25902
18827
16647
12175
23790
16920
565
3262
32626
22422
18651
10412
19532
15969
7862
12719
5575
10150
14343
29589
32457
22464
150
16534
4094
30401
31223
26246
10290
20302
20236
1104
19455
28593
16587
21407
6313
24873
20545
15070
24134
27012
18903
15203
9506
2800
5589
4071
8801
13839
29220
3898
24550
25161
31064
10036
7028
102
6894
1007
8467
31580
26833
14131
9398
15205
24099
29746
24346
24405
827
13174
29169
8235
4842
21271
22336
4838
1283
1841
24582
15514
8730
11925
1566
11458
1163
24511
5478
4568
10943
16905
28705
31779
32426
1822
29338
17105
30360
6320
14859
16197
13098
20078
21180
21170
16027
16432
4463
27113
20808
2165
7164
29551
16240
2832
25913
31699
29752
5150
8220
25662
7666
25403
28196
26444
28574
30454
19700
24602
7089
11394
1858
1953
27670
1966
11503
7234
7027
14102
22135
10145
21421
10395
14220
22199
30126
16914
17662
6179
3686
4665
29150
29889
7439
3567
18403
22142
3766
11684
24332
12651
4855
32526
30855
17168
11784
32541
16594
23554
11257
20530
32032
26552
22841
8332
10238
9882
9309
21762
16694
20059
3357
19448
21748
1161
1183
19596
32295
26466
8953
30224
26666
6378
22001
17341
5028
58
27910
30885
25261
13595
9909
2026
12338
18899
8949
19758
30362
26431
24324
10570
18857
28450
7781
22339
10149
6333
25898
3450
26040
15264
26479
16162
15254
15551
4647
4599
12895
20936
4379
23597
31431
3764
30255
16039
28276
29085
26087
12138
16552
24783
27947
2129
8735
20257
25671
28162
23611
31366
822
8992
10078
30943
2848
7107
16535
1811
10529
25893
642
20066
30284
13726
1385
5110
14576
14546
2735
1723
19225
27689
14191
8049
19034
8063
25184
18176
29898
28189
30972
14091
22349
17384
16353
18631
12565
17113
29303
9742
12392
7341
1491
4271
27811
13534
4827
13321
16767
7889
11179
13528
28563
19537
8248
29518
9754
60
30259
13158
23031
22908
6193
8053
3574
2617
8
22785
28757
3917
24700
3031
29059
31737
4635
14168
14375
11734
18277
8724
5732
32014
19504
11162
25691
15563
21579
28813
25586
8176
7522
29947
4564
22024
26657
18667
1978
29819
3228
23349
21480
8
11759
28311
27130
10863
20769
25860
4320
6254
23375
21823
29224
17391
15110
7849
11899
20096
16624
28504
7019
22531
27571
28776
3692
11687
11030
3222
22815
25879
24166
1290
23255
14321
4632
18549
19286
13177
16559
16476
8919
4239
6880
2228
17234
18398
6900
17838
18171
13911
26479
3028
6155
26078
18671
3669
13764
20034
14166
1949
19119
8819
16939
4137
30761
32239
22590
22426
31517
1662
12939
29704
3603
22047
26209
15256
11370
16706
25284
23633
6881
19767
23823
9771
22877
27367
28894
15209
25062
18882
30506
6953
22770
22264
22710
14906
4838
15596
24490
7725
4826
30438
19582
11951
26268
19719
12826
12566
1016
19587
23868
8761
2871
4106
19225
25221
4838
27783
29511
26701
24793
22029
26842
27746
13423
4366
5838
17636
1558
975
7077
25175
24594
15384
2128
8953
13435
32048
1619
28755
21637
27145
10533
23311
27909
8119
28373
10505
11312
21542
13299
2473
29861
19725
7854
25711
16814
17182
17722
30159
8386
1408
4981
11840
25679
29054
13257
1936
29623
4737
32596
17530
23704
32315
14662
20090
2385
16678
6539
9696
16578
28461
27307
6180
21331
11432
16110
12409
6455
17294
195
5796
9714
6374
25186
20495
21784
5759
28849
5913
5208
23777
19812
15537
3770
20867
21609
18467
7461
23871
12419
18737
8228
28418
9013
4198
9961
5832
993
16807
1939
19656
14897
29963
19628
14571
14262
23021
7158
3715
13519
4159
31335
20538
13517
11296
4466
4168
5460
6065
22920
234
11524
18213
19935
26895
15705
29464
3442
20820
15312
19746
3401
32050
13900
25259
16378
1142
22199
8705
22128
8434
18924
13735
32235
1139
3541
10737
16200
19187
27344
4301
25475
23823
7256
6116
378
22203
27873
17634
6387
17972
18691
19473
24289
22326
3547
13613
7907
15984
5807
17012
22030
31029
19920
19964
27372
13684
17605
4425
9924
30186
6053
2847
21532
18070
8133
30613
9853
5485
14739
3691
20342
848
8642
31645
25827
16699
11688
17976
31856
19903
25316
6509
8280
9906
12867
9188
371
17189
23013
339
2671
27030
12955
25166
14429
13927
27796
26209
23664
26255
32569
23644
11010
14992
20565
23790
15320
1449
22137
29557
24487
15692
15007
18709
28375
7378
15629
1543
30086
12654
24956
23860
24784
25183
9850
30211
4430
18794
19469
10351
30428
28552
28057
16220
6560
16860
29443
13611
13384
21223
7447
7820
17298
15359
12583
14227
12050
13053
2037
18191
28464
10295
980
19479
21616
174
12809
10725
21494
16520
7031
17896
32073
14784
2172
19476
32087
4892
15382
3453
21177
15199
27210
11556
5945
7360
28102
3856
657
9372
197
15777
2678
29544
32051
14626
17365
18665
26641
26013
26973
167
19484
2803
11069
12959
10153
6955
11311
19512
29140
13067
20405
13688
31449
2277
15778
22136
11202
15796
16093
4373
26947
17512
22370
745
7650
21373
16777
9082
12122
5330
11915
4784
25410
1977
28738
11149
30442
18762
28720
12056
28294
14078
6083
7066
24462
8057
3543
1037
14948
30118
28029
31698
22328
14857
23035
27298
18985
3665
5140
23751
17068
10029
29833
9100
31282
4193
28639
23026
30213
30489
1891
8612
8307
28285
19308
11309
32047
25221
21216
25705
31988
11535
19449
19513
13419
303
2633
25211
31311
8390
13820
9530
12495
4182
94
1057
15924
15636
413
22326
30915
18751
9167
11717
2533
29361
16182
2457
3205
18356
19395
23154
27322
7702
19418
19892
16038
128
21589
18013
15006
1539
21963
4409
23690
18420
2834
10585
28815
27130
12546
8385
9964
26725
27516
353
16674
8385
31659
14919
6744
18603
11146
27922
3837
18148
4775
12202
1967
8868
6182
5678
11100
32049
22024
6446
31911
18863
16814
11291
26253
14138
15768
6139
31816
306
30835
28257
28787
6614
15699
10397
1904
25365
6461
18224
2311
27040
31208
1411
30031
22084
10692
30168
210
2423
19772
6528
7148
5425
17720
18766
2420
2301
6887
589
18590
17487
22715
27310
22048
17176
29877
8964
2196
6296
12258
14260
3102
3187
3878
18086
16718
3592
20792
11585
840
29182
1518
21143
6434
11807
10939
25052
22157
1898
28790
2333
12216
26211
3676
4142
17521
17838
18009
23525
9870
28380
32387
12677
24459
31109
5095
20093
31092
16535
19081
10323
3845
16877
32422
26843
10001
7204
31548
31404
24352
7850
6605
14804
10588
8215
3935
7371
8622
3777
2759
27046
15908
28554
2087
19341
24214
16125
32182
23663
32649
26778
17855
30452
5203
18541
27117
25780
19584
27366
13253
15526
18549
32484
9844
1499
339
11795
17867
29292
26654
20344
20104
18097
31
10314
17367
16563
30854
12036
30232
5092
2388
1208
26339
19726
6008
6310
11849
12938
25656
10765
17757
29874
19411
7233
23028
17048
22373
20734
4008
5881
9738
31996
21027
20844
28998
10947
7322
28639
12453
24513
23191
31812
8350
6042
17916
648
12477
2495
26181
8901
7426
27970
5389
5048
13956
12009
11219
10613
8025
19841
16127
13401
32186
20596
2592
19521
27235
3230
29048
23545
7737
11101
15546
248
9007
10215
28434
4938
3178
14049
24678
27085
31140
19501
31708
11936
27086
13059
18332
22489
8441
27715
6615
6262
9590
18185
7944
23959
6204
26498
5497
11242
27787
12287
25097
29030
17103
16456
25134
7996
27335
32563
7990
8202
20710
25205
18130
32338
23290
26807
3284
20268
30731
31213
23096
13623
26502
8675
28001
4053
31643
22808
20390
10904
23267
20432
17421
247
1350
28517
4950
27206
8220
1502
22844
16869
19858
20418
14071
24503
4943
21551
3845
29909
5208
18214
11818
8324
8753
26153
1462
20837
26950
776
23302
18156
15497
12536
4173
18195
17499
18405
27285
23632
5296
12809
30976
12228
28270
14270
340
21429
12311
15760
5558
4670
14760
10391
14262
5189
18369
23812
11404
29870
2565
2809
26273
5070
30916
15774
10322
16163
11736
24689
17392
322
17612
11997
7435
11792
1604
16911
20208
32565
25240
12549
7280
21710
32707
30439
3299
28258
24188
5019
23149
12312
23202
6804
5504
18471
2781
9194
8610
18573
17283
21424
28529
2308
16568
27522
6116
25906
15322
6749
15571
11040
28700
32435
21178
19949
21104
3775
14266
12484
171
23319
15328
7691
11235
24448
32426
16093
540
22021
17863
9915
23332
16459
12575
18302
11452
6943
28691
24976
2552
28753
23558
17500
12777
15045
7196
29443
29049
20679
13889
337
23701
18591
12654
15599
8850
2917
11559
30426
457
2583
4681
275
7813
18665
16642
13465
16672
13532
24609
5012
16232
30610
12688
23507
5447
15713
4126
7544
28836
8614
31362
10738
13444
13660
20381
28460
14197
21485
8192
4868
16684
14919
14510
25343
2925
5171
19235
27707
18987
29666
22165
20389
32497
26569
13945
9835
7040
8880
31305
2741
14266
27141
27269
6288
24254
15989
24312
31530
14165
29374
19004
23109
2957
9406
7808
15334
29603
19664
28553
11853
10278
22361
30199
20010
16218
31902
22474
32014
23003
19161
23076
23584
642
5771
24656
24337
17804
17683
23556
2898
17145
9600
4835
14212
16435
19364
23878
24368
31984
8553
16956
24248
20313
8809
5328
11149
19308
30136
30346
23715
31135
23044
25400
5922
24774
6113
10733
13151
26422
28254
30539
11786
20267
11740
21758
14761
21095
29984
17033
1092
8476
17574
19269
1378
18444
23608
15782
26677
16879
5824
26561
26130
14357
14427
32011
9508
13900
25262
2404
28512
22020
9085
5460
21947
9393
20857
24468
5019
18801
11098
20432
18060
11759
27950
1707
20021
11911
20465
12036
26762
5547
10077
29815
24131
26245
4611
17191
21388
15069
28571
13499
4350
14398
4505
20135
22734
24660
23041
30125
7236
16537
15483
15011
9583
17713
21930
25718
2328
13073
3258
23407
29940
3431
29496
22965
11805
27190
22311
1300
21443
31297
15184
22012
14879
18475
10713
28621
29097
29404
5401
20049
20107
26407
15019
27786
1109
23721
15553
18607
10738
6644
26043
26993
14811
17389
18937
18562
25226
15474
15341
18008
15154
21568
18036
2863
12461
21524
8550
31053
16054
8465
21611
5257
18776
98
31761
782
10918
15904
25884
2909
18605
15222
29214
13201
18343
10243
32583
26087
11378
27263
14461
15997
832
31906
5551
26202
24207
15937
29031
8111
16988
955
28063
26460
20371
25491
6870
20406
17355
1886
5475
30856
8496
992
3336
18520
4800
31858
27338
19179
24763
5542
2304
22795
2388
31534
12715
28039
20909
31994
22277
19324
25346
1953
14941
22995
18469
31746
29985
22539
24362
10795
6205
20536
4963
29562
21923
27212
29583
22529
26667
1174
30798
29487
11678
13704
3800
11181
9997
6845
15343
6791
21352
6459
27410
28044
6220
29429
15860
18679
11547
21908
28716
27727
15442
18038
9006
7819
12055
4087
9850
9594
22290
5104
4115
19554
27262
10110
14643
15848
1664
23557
29501
13615
11191
22900
2291
19012
26900
11722
24553
23994
10476
13785
20025
26513
21579
841
30841
11613
16524
25569
19434
9123
6950
